1,Jeremy,Silva,30000,5,250,31250,2187.5,3729.1667,25333.334,6718.75
1,Jeremy,Silva,30000,5,250,31250,2187.5,3729.1667,25333.334,6718.75
1,Jeremy,Silva,30000,5,250,31250,2187.5,3729.1667,25333.334,6718.75
1,Jeremias,Roy,20000,4,100,20400,1428,1711.0668,17260.934,4386
3,Israel,Silva,150000,3,200,150600,10542,36392.402,103665.59,32379
4,Pedro,Martinez,20000,4,300,21200,1484,1859.8667,17856.133,4558
4,Pedro,Martinez,20000,4,300,21200,1484,1859.8667,17856.133,4558
6,Luis,Aburto,150000,7,150,151050,10573.5,36517.95,103958.55,32475.75
7,Jostin,Rodriguez,120000,6,100,120600,8442,28022.4,84135.6,25929
10,Jeremias,Silva,200000,5,300,201500,14105,50593.5,136801.5,43322.5
11,Santos,Silva,10000,10,110,11100,777,298.45,10024.55,2386.5
11,Santos,Silva,10000,10,110,11100,777,298.45,10024.55,2386.5
11,Santos,Silva,10000,10,110,11100,777,298.45,10024.55,2386.5
12,Zenaida,Roy,12000,2,100,12200,854,451.90002,10894.1,2623
15,Erick,Silva,10000,5,100,10500,735,214.75,9550.25,2257.5
16,Rusbell,Paiz,15000,2,200,15400,1078,898.30005,13423.7,3311
18,Joaquin,Chamorro,20000,10,200,22000,1540,2008.6666,18451.334,4730
19,Eldin,SIlva,10000,4,200,10800,756,256.6,9787.4,2322
1,Jeremias,Silva,20000,5,200,21000,1470,1822.6666,17707.334,4515
2,Israel,Roy,30000,7,100,30700,2149,3626.8665,24924.133,6600.5
20,asd,sds,232,2,2323,4878,341.46,4536.54,0,1048.77
1,Jeremias,Silva,300000,10,200,302000,21140,78633.01,202227,64930
2,Israel,Silva,30000,1,200,30200,2114,3533.8665,24552.133,6493
1,Jeremias,Silva,10000,2,100,10200,714,172.90001,9313.1,2193
2,Israel,Roy,10000,5,100,10500,735,214.75,9550.25,2257.5
2,Danny,Quezada,2222,21,2222,48884,3421,8801,8013,636,37448,484,10510,061
2,Danny,Quezada,2222,21,2222,48884,3421,8801,8013,636,37448,484,10510,061
2,Danny,Quezada,2222,21,2222,48884,3421,8801,8013,636,37448,484,10510,061
1,pepe,quezada,2222,221,222,51284,3589,8801,8683,235,39010,887,11026,061
1,pepe,quezada,2222,221,222,51284,3589,8801,8683,235,39010,887,11026,061
1,pepe,quezada,2222,221,222,51284,3589,8801,8683,235,39010,887,11026,061
